Solution: [6, 2, 0, 0] 3.755517211093988 465.57447110799995
Solution: [6, 2, 3, 2] 3.6903612989573773 477.724435887
Solution: [9, 2, 1, 2] 3.686327667140212 486.88315396200005
Solution: [5, 2, 1, 2] 3.7150431491855436 468.296819184
Solution: [6, 2, 1, 1] 3.7275400918851957 499.70906843700004
Solution: [5, 2, 3, 2] 3.742498507814066 461.5196285070001
Solution: [5, 0, 2, 1] 4.321000647144832 433.69685086499976
Solution: [8, 2, 3, 2] 3.657467956680083 488.5140389819999
Solution: [7, 2, 0, 0] 3.771542675352606 485.8317539960003
Solution: [4, 2, 0, 2] 3.783679785175952 455.4365569060001
Most voted solution: 11, sorensen, positive, 2
Mean error         : 3.7850978990429853
Std error          : 0.19244271564050355
Mean time          : 472.3186777834
