Solution: [2, 2, 2, 1] 3.795240641427501 181.6932442669995
Solution: [3, 2, 3, 1] 3.7928688059480606 207.3177265029999
Solution: [8, 2, 2, 1] 3.64477411439384 189.09599398699993
Solution: [9, 2, 0, 2] 3.6355927952223475 195.00868296599947
Solution: [9, 2, 1, 1] 3.6741603762044086 211.5957929189999
Solution: [9, 2, 0, 0] 3.7139447541575983 187.87254059400038
Solution: [5, 2, 1, 1] 3.7856226397876362 188.84886706100042
Solution: [9, 2, 1, 1] 3.6741603762044086 197.400416124
Solution: [9, 2, 2, 1] 3.66630921143717 191.97491363100016
Solution: [9, 2, 0, 1] 3.674160376204412 213.41506028800086
Most voted solution: 19, sorensen, positive, 1
Mean error         : 3.7056834090987385
Std error          : 0.06256941948886023
Mean time          : 196.42232383400005
