Solution: [7, 1, 1, 1] 2.1427921728532944 1986.2792315860006
Solution: [9, 2, 3, 1] 2.1168717503313417 1938.241174193001
Solution: [2, 0, 0, 0] 2.2967105779142436 2060.2784628200006
Solution: [9, 1, 3, 2] 2.1221843092162302 1893.456260858
Solution: [6, 3, 3, 2] 2.129476390789467 1775.6113381529995
Solution: [6, 3, 3, 1] 2.117504895674852 1853.3439118260012
Solution: [8, 0, 2, 2] 2.295628355716122 1897.3690460899998
Solution: [7, 1, 2, 0] 2.199284158405387 1697.6793954550012
Solution: [2, 3, 3, 0] 2.1733521694066624 1981.803463196
Solution: [9, 2, 3, 2] 2.1173610377576786 1882.0999108359974
Most voted solution: 19, city_block, powed, 2
Mean error         : 2.171116581806528
Std error          : 0.07126816495366739
Mean time          : 1896.6162195013
