Solution: [9, 3, 3, 1] 1.8792635246393026 170.2531590749968
Solution: [4, 2, 0, 0] 2.1136317855154765 171.75398090200179
Solution: [9, 2, 3, 1] 1.7800665977574575 165.77987874900282
Solution: [8, 0, 1, 1] 1.8036191062783153 167.50334213599854
Solution: [4, 2, 1, 2] 2.1166113309616392 171.50055653800155
Solution: [7, 1, 1, 1] 1.947795880960733 171.63996885899905
Solution: [6, 2, 3, 1] 1.8842263593510502 176.50056729100106
Solution: [7, 0, 3, 2] 1.917794546580371 173.72280145100012
Solution: [9, 1, 0, 0] 1.8731046597663905 174.47460248399875
Solution: [6, 2, 3, 0] 1.8765011175218334 178.3750336990015
Most voted solution: 19, sorensen, powed, 1
Mean error         : 1.9192614909332568
Std error          : 0.11405540265851846
Mean time          : 172.1503891184002
