Solution: [7, 3, 2, 2] 5.003568216489132 1430.922882461
Solution: [1, 3, 0, 0] 5.053518572678048 992.3288908529998
Solution: [2, 3, 0, 2] 4.781059204792079 1071.732893164
Solution: [2, 3, 1, 1] 4.899417494098703 1400.5419778169999
Solution: [4, 3, 2, 2] 4.832415886140993 1108.9959381560002
Solution: [3, 3, 0, 2] 4.784876547688658 1401.5021849860004
Solution: [6, 3, 0, 2] 4.957611727959506 1141.3787305059996
Solution: [4, 3, 1, 2] 4.860273349224585 1273.722481107001
Solution: [2, 3, 2, 2] 4.73626218046434 1197.901109425
Solution: [1, 3, 1, 2] 4.939021262445852 1215.402336299001
Most voted solution: 5, neyman, positive, 2
Mean error         : 4.88480244419819
Std error          : 0.1039139573802567
Mean time          : 1223.4429424774003
