Solution: [7, 2, 2, 2] 8.94878424168068 187.52160535599978
Solution: [5, 2, 3, 2] 7.983743664907273 233.13588419400003
Solution: [2, 2, 1, 1] 9.833818708136237 201.41907759400056
Solution: [4, 2, 3, 0] 8.210482539714285 262.1067010480001
Solution: [8, 2, 0, 0] 9.088238566726513 245.4944538710006
Solution: [9, 2, 2, 2] 8.990813315412794 197.5396343229986
Solution: [5, 2, 2, 0] 9.059048500319932 209.4517965340001
Solution: [2, 2, 3, 2] 7.834978460916567 211.37786994899943
Solution: [9, 2, 2, 2] 8.990813315412794 212.08532298599857
Solution: [1, 2, 3, 1] 7.787858626708701 235.1053524479994
Most voted solution: 5, sorensen, exponential, 2
Mean error         : 8.672857993993578
Std error          : 0.6767385828351457
Mean time          : 219.52376983029973
