Solution: [2, 3, 2, 1] 3.1063582558148894 10.13460111600034
Solution: [1, 0, 3, 2] 3.289153246021254 10.707211028000529
Solution: [2, 1, 0, 0] 3.3676339091310084 10.578066505000606
Solution: [1, 0, 0, 2] 2.9663298365046558 10.34578922000037
Solution: [1, 1, 1, 2] 3.1084396356683257 10.59146245699958
Solution: [2, 2, 0, 2] 3.171716337993061 10.833986289999302
Solution: [2, 0, 1, 2] 2.9779150378308366 11.391229417000432
Solution: [1, 0, 2, 2] 3.0438748687920594 11.322462109999833
Solution: [1, 2, 1, 2] 3.071132139739092 10.49512676499944
Solution: [2, 2, 3, 2] 3.069787230871917 9.969989740999154
Most voted solution: 3, euclidean, positive, 2
Mean error         : 3.1172340498367097
Std error          : 0.12795844324796898
Mean time          : 10.636992464899958
