Solution: [4, 2, 1, 0] 6.148316368462432 3.748716802
Solution: [3, 0, 0, 1] 6.070139477882837 3.5612318189999996
Solution: [3, 2, 0, 1] 6.062875544733174 3.602021231
Solution: [1, 0, 0, 2] 6.1251029932323355 3.4411537029999995
Solution: [3, 2, 1, 1] 6.062875544733174 3.545278913999999
Solution: [3, 0, 0, 0] 6.14324604568543 3.4464936689999988
Solution: [5, 2, 0, 2] 6.1789358058526105 3.4638572110000005
Solution: [2, 2, 1, 2] 6.120383804828645 3.5044987130000003
Solution: [2, 0, 0, 1] 6.056432291217153 3.3387570190000027
Solution: [3, 2, 0, 0] 6.130623346626553 3.558520318999996
Most voted solution: 7, sorensen, positive, 1
Mean error         : 6.109893122325435
Std error          : 0.043444102266275465
Mean time          : 3.5210529399999997
