Solution: [2, 0, 2, 2] 4.344594104692845 18.282674510001016
Solution: [2, 2, 2, 2] 4.21567174034633 19.260637282999596
Solution: [6, 2, 2, 1] 4.634251955467601 19.29545706799945
Solution: [1, 2, 1, 2] 4.143778443808792 19.07050811099907
Solution: [3, 0, 0, 2] 4.172966145672518 19.33566293900003
Solution: [1, 0, 1, 1] 4.1910824081369995 18.166740128999663
Solution: [3, 0, 2, 2] 4.356769598842867 19.547828205999394
Solution: [2, 2, 3, 2] 4.163569680571445 18.096606322000298
Solution: [2, 3, 0, 2] 4.2270126064364035 19.277649013998598
Solution: [1, 0, 1, 2] 4.108836452637654 18.424111153999547
Most voted solution: 5, euclidean, exponential, 2
Mean error         : 4.255853313661346
Std error          : 0.15543753929169232
Mean time          : 18.875787473599665
